#DOUBLE_1x20_DISCRETE_HIDDEN_START
1.125691e-01  1.312155e-02  1.000000e-50  1.000000e-50  2.624309e-02  1.000000e-50  3.936464e-02  2.555249e-02  2.002762e-02  1.940608e-01  1.243094e-01  1.000000e-50  1.000000e-50  8.287293e-03  1.229282e-01  6.215470e-02  1.000000e-50  1.000000e-50  2.513812e-01  1.000000e-50  

#DOUBLE_20x20_DISCRETE_HIDDEN_TRANSITION
6.204370e-01  1.736001e-02  5.169778e-02  1.000000e-50  1.000000e-50  3.631267e-03  3.038797e-02  8.632223e-03  1.519080e-01  2.704338e-02  2.366694e-02  7.867745e-03  1.000000e-50  1.751927e-03  2.465439e-02  1.000000e-50  1.000000e-50  1.000000e-50  3.096133e-02  1.000000e-50 
6.991232e-02  6.299031e-02  2.353484e-02  1.000000e-50  2.999539e-03  1.084449e-02  1.845870e-02  3.691740e-02  3.437933e-02  1.095985e-01  1.229811e-01  2.307337e-03  2.538071e-03  1.352100e-01  8.698662e-02  2.261191e-02  1.000000e-50  1.384402e-03  2.563452e-01  1.000000e-50 
5.132501e-01  1.880663e-02  2.128569e-01  1.000000e-50  1.000000e-50  1.000000e-50  5.505215e-02  1.000000e-50  1.124979e-01  1.726791e-02  1.000000e-50  7.864592e-03  1.000000e-50  2.906480e-03  2.068730e-02  1.000000e-50  1.000000e-50  1.000000e-50  3.881005e-02  1.000000e-50 
6.955047e-03  5.852417e-02  1.000000e-50  2.702290e-01  9.160305e-03  4.919423e-03  5.394402e-02  4.325700e-02  1.000000e-50  7.921968e-02  9.363868e-02  1.000000e-50  1.017812e-03  9.296014e-02  1.280746e-01  6.446141e-03  2.493639e-02  6.208651e-02  5.173876e-02  1.289228e-02 
1.000000e-50  1.000000e-50  1.000000e-50  1.000000e-50  4.057694e-01  1.000000e-50  1.000000e-50  1.000000e-50  1.000000e-50  1.000000e-50  1.000000e-50  1.000000e-50  4.698062e-01  1.000000e-50  1.303328e-03  1.000000e-50  3.970805e-02  5.586932e-02  1.000000e-50  2.754366e-02 
2.928404e-02  1.122369e-01  1.000000e-50  1.000000e-50  1.000000e-50  6.235386e-03  3.240174e-02  4.721078e-02  1.603385e-02  1.817170e-01  1.267119e-01  1.000000e-50  6.680771e-03  1.673533e-01  1.066696e-01  1.737000e-02  1.000000e-50  3.095424e-02  1.191404e-01  1.000000e-50 
1.170301e-01  1.698019e-02  5.993008e-02  1.000000e-50  1.000000e-50  7.308141e-02  7.324788e-02  9.222574e-02  5.044115e-02  1.035459e-01  1.300150e-01  2.330614e-03  7.657733e-03  8.157150e-03  8.773098e-02  3.695688e-02  1.000000e-50  1.000000e-50  1.393374e-01  1.331780e-03 
3.854493e-03  3.292379e-03  1.000000e-50  1.000000e-50  1.000000e-50  4.223882e-01  8.592307e-03  2.686903e-01  1.000000e-50  1.000000e-50  1.865414e-01  1.000000e-50  1.000000e-50  2.248454e-03  4.320244e-02  1.461495e-02  1.000000e-50  1.000000e-50  4.657512e-02  1.000000e-50 
3.549829e-01  7.099658e-03  5.324744e-02  1.000000e-50  1.000000e-50  1.235866e-02  1.669734e-02  6.494872e-02  4.890876e-02  5.561399e-02  7.020773e-02  1.440968e-01  1.000000e-50  5.259006e-03  5.653432e-02  2.129897e-02  1.000000e-50  1.000000e-50  8.874573e-02  1.000000e-50 
7.797797e-02  3.695203e-02  1.491852e-02  1.000000e-50  1.000000e-50  1.101675e-02  2.444342e-02  1.019050e-01  1.784485e-02  2.036952e-01  1.102249e-01  1.000000e-50  2.696810e-03  9.496213e-02  6.087905e-02  7.625660e-02  1.000000e-50  1.164792e-02  1.545788e-01  1.000000e-50 
5.603181e-02  3.105976e-02  4.180644e-02  2.112064e-03  2.733259e-03  1.167847e-02  6.876631e-02  4.727295e-02  4.845322e-03  5.671512e-02  1.693999e-01  1.000000e-50  1.000000e-50  3.615356e-02  1.304510e-01  1.702075e-02  1.000000e-50  2.503417e-02  2.977388e-01  1.180271e-03 
1.800405e-01  5.394471e-03  5.455158e-01  6.743088e-04  1.000000e-50  1.000000e-50  1.867835e-01  2.022927e-03  3.236682e-02  1.000000e-50  1.000000e-50  3.978422e-02  1.000000e-50  6.743088e-04  6.743088e-03  1.000000e-50  1.000000e-50  1.000000e-50  1.000000e-50  1.000000e-50 
1.000000e-50  1.000000e-50  1.000000e-50  1.265949e-02  1.275917e-02  1.000000e-50  1.000000e-50  3.322701e-05  1.000000e-50  1.000000e-50  1.000000e-50  1.000000e-50  7.995415e-01  1.000000e-50  1.000000e-50  1.000000e-50  1.666334e-01  8.373206e-03  1.000000e-50  1.000000e-50 
7.408082e-02  1.219512e-02  8.372770e-03  1.000000e-50  1.619949e-02  1.310521e-02  1.874772e-02  1.983983e-02  2.548234e-02  2.104114e-01  1.397889e-01  1.000000e-50  2.548234e-03  8.554787e-03  5.824536e-02  4.732435e-03  1.000000e-50  8.554787e-03  3.791409e-01  1.000000e-50 
1.728310e-02  2.013481e-02  6.653992e-03  1.000000e-50  6.308330e-03  2.748012e-02  5.098514e-02  1.866574e-01  1.322157e-02  1.449188e-01  1.177843e-01  1.123401e-03  7.172485e-03  1.546837e-02  9.514345e-02  1.012789e-01  1.000000e-50  1.624611e-02  1.721396e-01  1.000000e-50 
1.000000e-50  1.000000e-50  1.000000e-50  1.887482e-02  6.509985e-01  1.000000e-50  1.000000e-50  1.000000e-50  1.000000e-50  1.000000e-50  1.000000e-50  1.000000e-50  3.105212e-02  1.000000e-50  1.000000e-50  6.916707e-02  1.323673e-01  5.333658e-02  1.000000e-50  4.420360e-02 
1.000000e-50  1.000000e-50  1.000000e-50  2.769079e-01  8.310522e-02  2.245702e-01  1.000000e-50  6.186357e-02  1.000000e-50  1.000000e-50  1.000000e-50  1.000000e-50  1.000000e-50  8.430965e-03  8.759444e-03  1.000000e-50  5.332311e-02  1.000000e-50  1.000000e-50  2.830395e-01 
1.000000e-50  1.000000e-50  1.000000e-50  2.923488e-02  1.000000e-50  1.000000e-50  1.000000e-50  4.009355e-03  1.000000e-50  1.000000e-50  1.436686e-02  1.000000e-50  1.000000e-50  1.000000e-50  1.052456e-02  4.604076e-01  8.135650e-02  4.001002e-01  1.000000e-50  1.000000e-50 
7.443910e-02  1.902988e-02  1.053683e-02  1.000000e-50  3.224634e-03  1.221728e-02  4.005813e-02  7.048778e-02  2.479789e-02  2.487056e-01  1.200382e-01  1.000000e-50  5.768008e-03  7.039695e-03  1.041875e-01  4.151149e-02  1.000000e-50  9.628486e-03  2.083295e-01  1.000000e-50 
1.000000e-50  1.000000e-50  1.000000e-50  3.249551e-01  1.000000e-50  1.000000e-50  1.000000e-50  1.000000e-50  1.000000e-50  1.000000e-50  1.000000e-50  1.000000e-50  1.000000e-50  1.000000e-50  1.000000e-50  6.104129e-02  4.443447e-01  1.696589e-01  1.000000e-50  1.000000e-50 


#DOUBLE_1x20_DISCRETE_HIDDEN_DOMINANT-EIGENVECTOR
1.390127e-01  1.945439e-02  2.595199e-02  2.658119e-02  5.063555e-02  4.066653e-02  2.685837e-02  5.549717e-02  3.405862e-02  7.734103e-02  7.191542e-02  6.634795e-03  1.330333e-01  2.473652e-02  5.144650e-02  3.606630e-02  4.059278e-02  2.671852e-02  9.785661e-02  1.494165e-02  

#DOUBLE_20x20_DISCRETE_AA_EMISSION
4.418907e-02  2.644360e-02  1.984064e-02  4.158598e-02  5.790292e-02  2.526904e-02  2.174534e-02  1.277102e-01  4.583981e-02  1.104727e-01  1.974540e-02  2.288816e-02  1.000000e-50  2.764992e-02  4.561760e-02  3.825275e-02  7.904511e-02  1.758992e-01  1.596775e-02  5.393480e-02 
5.490466e-02  1.608086e-02  1.279577e-01  5.903974e-02  2.779692e-02  8.844475e-02  3.721571e-02  3.216173e-03  9.143120e-02  3.101309e-02  1.722950e-02  2.334023e-01  1.000000e-50  5.122904e-02  6.110728e-02  4.962095e-02  8.040432e-03  5.972892e-03  1.079715e-02  2.549966e-02 
1.802217e-01  1.000000e-50  3.034953e-02  6.223359e-02  1.055413e-01  1.000000e-50  4.006820e-02  5.626598e-03  5.029838e-02  2.796249e-02  3.034953e-02  2.131287e-02  1.000000e-50  4.518329e-02  6.803069e-02  1.316283e-01  6.837170e-02  1.892583e-02  3.034953e-02  8.354646e-02 
7.360321e-02  2.091000e-02  4.315825e-02  7.259953e-02  6.958849e-02  1.923720e-02  3.412513e-02  4.265641e-02  7.059217e-02  1.329876e-01  2.793576e-02  5.135497e-02  1.000000e-50  3.947809e-02  5.871529e-02  5.971897e-02  6.925393e-02  5.252593e-02  1.288056e-02  4.867849e-02 
9.031085e-02  9.611222e-03  8.728028e-02  1.425232e-01  4.156204e-02  4.883540e-02  2.562992e-02  3.584726e-02  5.411724e-02  8.130574e-02  2.130055e-02  3.428868e-02  1.000000e-50  5.186596e-02  4.606459e-02  5.480994e-02  5.732098e-02  7.368603e-02  1.298814e-02  3.065200e-02 
7.659341e-02  9.450549e-03  1.297802e-01  6.362637e-02  3.868132e-02  4.549451e-02  3.406593e-02  1.175824e-02  5.208791e-02  9.285714e-02  2.329670e-02  1.029670e-01  2.000000e-02  4.923077e-02  5.043956e-02  7.593407e-02  5.417582e-02  1.263736e-02  1.736264e-02  3.956044e-02 
2.513228e-02  4.464286e-03  3.604497e-02  1.190476e-02  6.117725e-03  7.852183e-01  8.597884e-03  1.000000e-50  1.603836e-02  1.074735e-02  3.306878e-03  1.736111e-02  1.000000e-50  7.605820e-03  1.223545e-02  3.902116e-02  1.025132e-02  1.000000e-50  1.157407e-03  4.794974e-03 
1.119923e-01  1.025395e-02  5.815910e-02  9.108387e-02  2.186974e-02  3.829208e-02  1.906593e-02  2.980053e-02  7.041577e-02  6.256509e-02  1.409917e-02  2.331170e-02  1.753585e-01  3.388609e-02  4.918689e-02  8.427461e-02  3.300489e-02  3.725066e-02  1.474005e-02  2.138909e-02 
6.399373e-02  2.181011e-02  6.830351e-02  5.184798e-02  3.983283e-02  2.873188e-02  1.958992e-02  5.981455e-02  5.824736e-02  1.158417e-01  1.919812e-02  3.904924e-02  1.211963e-01  2.834008e-02  4.701580e-02  4.440381e-02  3.617605e-02  8.097166e-02  2.311610e-02  3.251926e-02 
9.718670e-02  1.449275e-02  5.728900e-02  5.245808e-02  2.324524e-02  4.398977e-02  1.631145e-02  1.818698e-02  4.603581e-02  6.462063e-02  1.670929e-02  2.534811e-02  2.740551e-01  2.398409e-02  3.796533e-02  8.508099e-02  4.558113e-02  2.807616e-02  8.809321e-03  2.057403e-02 
5.648023e-02  2.209032e-02  8.248684e-02  7.287970e-02  3.536899e-02  4.112104e-02  2.692449e-02  3.848978e-02  8.621956e-02  7.612287e-02  1.572635e-02  4.748501e-02  2.784237e-02  4.057031e-02  5.525639e-02  7.789744e-02  1.009668e-01  5.182964e-02  1.199364e-02  3.224819e-02 
6.427605e-02  1.014885e-02  5.683356e-02  4.871448e-02  2.503383e-02  2.300406e-02  2.503383e-02  9.336942e-02  5.480379e-02  1.414073e-01  2.300406e-02  3.518268e-02  2.503383e-02  2.976996e-02  4.533153e-02  5.953992e-02  6.901218e-02  1.420839e-01  1.082544e-02  1.759134e-02 
1.425674e-01  1.293347e-02  3.614057e-02  7.653689e-02  4.032982e-02  2.806131e-02  1.838614e-02  7.377730e-02  7.028627e-02  1.338564e-01  3.165209e-02  2.822755e-02  1.994880e-04  5.113542e-02  6.716095e-02  3.288227e-02  3.650630e-02  6.995379e-02  1.502809e-02  3.437843e-02 
7.021966e-03  2.880807e-03  9.902773e-03  7.202017e-03  7.742168e-03  9.009723e-01  6.481815e-03  1.980555e-03  7.021966e-03  6.301764e-03  2.520706e-03  1.530429e-02  1.000000e-50  1.620454e-03  3.060857e-03  7.021966e-03  5.941664e-03  5.401512e-04  2.520706e-03  3.961109e-03 
4.857679e-02  2.420317e-02  1.841657e-01  4.593489e-02  4.380433e-02  2.965741e-02  3.613431e-02  4.124766e-02  4.729845e-02  6.485427e-02  1.755582e-02  1.395091e-01  4.048065e-02  2.812340e-02  4.644622e-02  4.874723e-02  2.505539e-02  4.158855e-02  1.167547e-02  3.494120e-02 
9.159562e-02  8.038977e-03  5.602923e-02  8.952497e-02  2.362972e-02  3.702801e-02  1.778319e-02  4.421437e-02  5.627284e-02  7.795371e-02  1.546894e-02  2.789281e-02  1.841657e-01  3.410475e-02  4.518879e-02  5.602923e-02  3.483557e-02  5.079172e-02  2.046285e-02  2.898904e-02 
1.535112e-01  1.056070e-02  5.400109e-02  1.017964e-01  2.133914e-02  2.906913e-02  1.154056e-02  3.995645e-02  9.373979e-02  1.241154e-01  3.429505e-02  4.550898e-02  1.000000e-50  5.781165e-02  7.925966e-02  6.086010e-02  2.427872e-02  2.939575e-02  1.077844e-02  1.818182e-02 
9.632107e-02  1.555184e-02  4.214047e-02  7.709030e-02  6.036789e-02  4.331104e-02  2.090301e-02  8.127090e-02  6.120401e-02  1.476589e-01  2.290970e-02  1.772575e-02  1.000000e-50  3.712375e-02  5.652174e-02  3.060201e-02  3.444816e-02  8.612040e-02  1.973244e-02  4.899666e-02 
5.437904e-02  2.252333e-02  4.015614e-02  5.671213e-02  4.711055e-02  2.552943e-02  2.956748e-02  6.990309e-02  6.595477e-02  7.470388e-02  1.884422e-02  4.042534e-02  6.281407e-04  4.477746e-02  5.200108e-02  9.031766e-02  1.118988e-01  9.583632e-02  1.489591e-02  4.383525e-02 
8.806903e-02  9.818506e-03  1.000000e-50  1.053258e-01  1.000000e-50  1.844689e-02  1.993454e-02  1.059209e-01  9.580482e-02  1.401369e-01  3.183576e-02  2.529009e-02  3.570366e-03  6.634930e-02  7.349003e-02  2.707528e-02  4.135674e-02  8.747397e-02  1.547159e-02  4.462957e-02 


#DOUBLE_20x3_DISCRETE_SS_EMISSION
1.000000e-50  1.000000e+00  1.000000e-50 
3.679853e-03  3.702852e-02  9.592916e-01 
1.000000e-50  1.000000e+00  1.000000e-50 
1.000000e+00  1.000000e-50  1.000000e-50 
1.000000e+00  1.000000e-50  1.000000e-50 
1.649621e-03  1.000000e-50  9.983504e-01 
1.000000e-50  2.268228e-01  7.731772e-01 
1.000000e-50  1.000000e-50  1.000000e+00 
1.000000e-50  1.000000e+00  1.000000e-50 
1.000000e-50  1.000000e-50  1.000000e+00 
1.530362e-03  1.000000e-50  9.984696e-01 
6.752194e-04  9.891965e-01  1.012829e-02 
1.000000e+00  1.000000e-50  1.000000e-50 
8.996042e-04  4.138179e-03  9.949622e-01 
1.174668e-02  1.549200e-02  9.727613e-01 
1.000000e+00  1.000000e-50  1.000000e-50 
1.000000e+00  1.000000e-50  1.000000e-50 
1.000000e+00  1.000000e-50  1.000000e-50 
1.000000e-50  1.000000e-50  1.000000e+00 
1.000000e+00  1.000000e-50  1.000000e-50 


#DOUBLE_20x2_DISCRETE_CIS_EMISSION
1.000000e+00  1.000000e-50 
1.000000e+00  1.000000e-50 
1.000000e+00  1.000000e-50 
1.000000e+00  1.000000e-50 
1.000000e+00  1.000000e-50 
9.865787e-01  1.342134e-02 
9.985231e-01  1.476862e-03 
9.974384e-01  2.561639e-03 
9.981738e-01  1.826246e-03 
9.820019e-01  1.799807e-02 
1.000000e+00  1.000000e-50 
9.939189e-01  6.081081e-03 
1.000000e+00  1.000000e-50 
1.000000e+00  1.000000e-50 
1.000000e+00  1.000000e-50 
1.000000e+00  1.000000e-50 
1.000000e+00  1.000000e-50 
1.000000e+00  1.000000e-50 
9.990569e-01  9.431420e-04 
1.000000e+00  1.000000e-50 


#DOUBLE_20x3_TORUS_TORUS_KAPPA
1.800204e+01  1.568290e+01  3.597594e+00 
7.894630e+01  3.682011e+01  1.829625e+01 
2.626408e+01  1.988098e+01  2.712557e+00 
1.697142e+01  1.781482e+01  4.278843e+00 
1.779552e+02  1.506779e+02  5.012281e+01 
6.573032e+01  6.341815e+01  2.567193e+01 
2.314918e+00  4.076358e+00  3.925011e-01 
1.235646e+02  7.719806e+01  3.792507e+01 
1.827340e+01  9.486017e+00  -3.444325e+00 
5.718809e+01  3.576928e+01  1.520311e+01 
9.519727e+00  7.962175e+00  2.174076e+00 
1.310893e+01  1.139150e+01  2.676647e+00 
3.501794e+02  2.754236e+02  9.729168e+01 
2.649164e+01  1.974400e+01  7.237861e+00 
3.432972e+00  2.687655e+00  -1.797106e+00 
1.512012e+02  1.103692e+02  4.726815e+01 
1.478708e+02  1.025059e+02  3.990189e+01 
4.554088e+01  4.978080e+01  7.670935e+00 
6.585013e+00  1.006133e+01  1.607056e+00 
1.036921e+02  7.703593e+01  2.663181e+01 


#DOUBLE_20x2_TORUS_TORUS_MU
-2.090033e+00  2.336272e+00 
9.816471e-01  6.986949e-01 
-2.611865e+00  2.692675e+00 
-1.536439e+00  -4.114218e-01 
-1.159945e+00  -7.074848e-01 
-1.588936e+00  2.991181e-02 
2.218759e+00  -2.903487e+00 
-1.074081e+00  -4.530749e-01 
-1.396009e+00  2.318769e+00 
-1.168898e+00  2.560511e+00 
-1.640416e+00  -3.476846e-01 
-1.653636e+00  -4.988533e-01 
-1.098225e+00  -7.440508e-01 
1.490229e+00  7.528529e-02 
-1.783173e+00  1.625676e+00 
-1.012304e+00  -6.502052e-01 
-1.114257e+00  -5.461579e-01 
-9.977783e-01  -8.805482e-01 
-1.995448e+00  2.584767e+00 
-1.308723e+00  -7.677552e-01 


