#DOUBLE_1x20_DISCRETE_HIDDEN_START
3.591160e-02  1.077348e-01  6.837017e-02  1.505525e-01  1.000000e-50  3.383978e-02  2.071823e-02  6.698895e-02  9.944751e-02  2.140884e-02  4.419890e-02  1.000000e-50  6.353591e-02  1.000000e-50  1.312155e-02  4.834254e-03  1.243094e-02  1.000000e-50  8.287293e-03  2.486188e-01  

#DOUBLE_20x20_DISCRETE_HIDDEN_TRANSITION
6.543052e-02  8.248082e-02  5.903666e-02  7.757886e-02  1.000000e-50  2.152600e-02  5.029838e-02  6.479113e-02  1.366155e-01  8.951407e-03  6.543052e-02  1.000000e-50  6.841432e-02  4.262575e-03  5.924979e-02  6.479113e-02  1.768968e-02  1.000000e-50  8.738278e-03  1.447144e-01 
5.016949e-02  9.384988e-02  5.326877e-02  1.727845e-01  1.000000e-50  4.309927e-02  1.520581e-02  5.210654e-02  7.515738e-02  1.627119e-02  2.828087e-02  1.000000e-50  8.949153e-02  1.288136e-02  6.382567e-02  1.472155e-02  1.743341e-02  1.000000e-50  7.457627e-03  1.939952e-01 
1.000000e-50  1.000000e-50  2.511306e-01  1.000000e-50  1.589962e-01  1.000000e-50  1.000000e-50  1.000000e-50  1.000000e-50  4.207679e-01  1.000000e-50  1.664450e-01  1.773521e-03  1.000000e-50  1.000000e-50  1.000000e-50  1.000000e-50  1.000000e-50  1.000000e-50  8.867607e-04 
1.958020e-02  7.753759e-02  5.787907e-02  1.663534e-01  5.482456e-04  3.070175e-02  1.582080e-02  6.657268e-02  4.957707e-02  1.000000e-50  3.312970e-02  1.000000e-50  8.004386e-02  2.365288e-02  6.015038e-02  1.000000e-50  4.432957e-02  1.000000e-50  1.224154e-01  1.517074e-01 
1.000000e-50  1.000000e-50  3.426523e-01  1.000000e-50  4.229391e-02  1.000000e-50  1.000000e-50  1.000000e-50  7.025090e-03  1.482437e-01  1.000000e-50  2.986380e-01  1.000000e-50  1.000000e-50  1.000000e-50  1.000000e-50  1.000000e-50  1.611470e-01  1.000000e-50  1.000000e-50 
2.353518e-02  5.123805e-02  1.784751e-01  1.120373e-01  1.000000e-50  1.838686e-02  1.005148e-02  3.162540e-02  6.839912e-02  9.561167e-02  4.608973e-02  3.432214e-03  9.070851e-02  3.677372e-03  1.608237e-01  3.015445e-02  1.323854e-02  1.000000e-50  5.638637e-03  5.687669e-02 
1.245699e-02  3.167636e-02  1.660932e-02  3.310001e-02  1.000000e-50  1.779571e-02  7.948748e-02  2.532922e-01  5.659034e-02  1.000000e-50  1.358406e-01  1.000000e-50  6.133586e-02  1.417725e-01  4.496382e-02  4.152331e-03  7.830110e-03  1.000000e-50  5.101436e-03  9.799502e-02 
1.956377e-02  1.456876e-02  1.000000e-50  1.490176e-02  1.000000e-50  1.998002e-02  1.834832e-01  5.483683e-01  1.560939e-02  1.000000e-50  1.206710e-01  1.000000e-50  7.617383e-03  4.995005e-03  1.000000e-50  1.000000e-50  1.839827e-02  1.000000e-50  1.207126e-03  3.063603e-02 
7.175891e-02  1.516485e-01  7.563777e-02  9.219752e-02  1.000000e-50  3.968372e-02  8.876622e-03  2.916605e-02  1.099508e-01  3.058332e-03  3.498434e-02  1.000000e-50  6.937192e-02  2.237804e-04  6.892436e-02  1.021930e-02  3.707295e-02  1.000000e-50  3.811726e-02  1.591079e-01 
4.482965e-04  1.000000e-50  1.000000e-50  1.000000e-50  1.681112e-02  1.000000e-50  1.000000e-50  1.000000e-50  1.000000e-50  8.381401e-01  1.000000e-50  1.330693e-01  1.000000e-50  1.000000e-50  1.000000e-50  1.000000e-50  1.000000e-50  1.153118e-02  1.000000e-50  1.000000e-50 
2.618645e-02  2.418983e-02  7.679312e-04  1.190293e-02  1.000000e-50  1.896790e-02  1.112732e-01  3.447243e-01  2.296114e-02  1.000000e-50  3.551682e-01  1.000000e-50  1.881431e-02  9.138381e-03  9.752726e-03  2.994932e-03  1.581938e-02  1.000000e-50  2.534173e-03  2.480418e-02 
1.000000e-50  1.000000e-50  1.000000e-50  1.000000e-50  4.020714e-01  1.000000e-50  1.000000e-50  1.000000e-50  1.000000e-50  1.000000e-50  1.000000e-50  4.634947e-02  1.000000e-50  1.000000e-50  5.229696e-02  2.119565e-01  1.000000e-50  2.817884e-01  5.537326e-03  1.000000e-50 
1.000000e-50  1.977133e-01  1.639521e-02  1.876820e-02  9.384101e-03  1.164923e-02  5.285298e-03  1.000000e-50  2.655593e-01  1.000000e-50  1.000000e-50  1.000000e-50  1.666487e-01  1.000000e-50  4.249811e-02  2.437709e-02  2.761299e-02  1.000000e-50  2.038615e-02  1.937224e-01 
9.568163e-02  1.000000e-50  1.000000e-50  1.000000e-50  1.000000e-50  1.000000e-50  1.862828e-02  9.991533e-02  4.233700e-03  1.000000e-50  7.523285e-01  1.000000e-50  1.000000e-50  2.540220e-02  1.000000e-50  1.000000e-50  3.810330e-03  1.000000e-50  1.000000e-50  1.000000e-50 
1.555794e-02  1.000000e-50  1.201717e-02  1.000000e-50  1.000000e-50  1.000000e-50  1.000000e-50  7.832618e-03  9.570815e-02  1.000000e-50  1.000000e-50  3.540773e-03  8.240343e-02  1.000000e-50  2.560086e-01  5.232833e-01  1.000000e-50  1.000000e-50  1.072961e-04  3.540773e-03 
2.950900e-02  1.000000e-50  4.444717e-02  1.104445e-01  1.000000e-50  1.628505e-02  1.555039e-02  3.097833e-02  1.590547e-01  1.000000e-50  1.836660e-03  1.000000e-50  1.518305e-02  1.000000e-50  3.195788e-02  8.938411e-03  1.117914e-01  1.000000e-50  1.748500e-01  2.491735e-01 
1.687187e-02  1.030552e-01  2.872777e-02  8.025536e-02  1.000000e-50  2.690378e-02  3.761970e-02  4.058368e-02  9.439124e-02  1.000000e-50  4.901961e-02  1.000000e-50  4.833561e-02  1.094391e-02  3.009576e-02  1.413589e-02  6.406749e-02  1.000000e-50  1.306430e-01  2.243502e-01 
5.034780e-02  1.000000e-50  4.620735e-02  5.001656e-02  3.146737e-02  1.291818e-02  2.981120e-03  1.821795e-03  1.565088e-01  1.000000e-50  3.312355e-03  1.000000e-50  2.699569e-02  1.000000e-50  3.941703e-02  1.000000e-50  5.862868e-02  2.908248e-01  9.075853e-02  1.377940e-01 
1.367810e-02  7.326213e-02  1.330335e-02  1.184186e-01  1.000000e-50  4.890388e-02  2.379614e-02  6.183249e-02  9.649616e-02  1.686341e-02  2.098557e-02  1.000000e-50  5.227656e-02  7.307476e-03  1.274124e-02  1.686341e-02  1.217913e-02  1.000000e-50  7.869590e-03  4.032228e-01 
2.875687e-02  1.004832e-01  6.466742e-02  1.734413e-01  2.558272e-03  4.495926e-02  3.069926e-02  4.481713e-02  8.996589e-02  6.632556e-04  1.961342e-02  1.000000e-50  7.665340e-02  1.454425e-02  7.257912e-02  3.932158e-03  2.127156e-02  1.000000e-50  9.285579e-03  2.011086e-01 


#DOUBLE_1x20_DISCRETE_HIDDEN_DOMINANT-EIGENVECTOR
2.112169e-02  4.595202e-02  4.957213e-02  5.698750e-02  3.118180e-02  1.812028e-02  3.751095e-02  1.065192e-01  5.998111e-02  1.779333e-01  5.709713e-02  4.346421e-02  4.115165e-02  1.050106e-02  4.149106e-02  3.683958e-02  1.976223e-02  2.724904e-02  2.399454e-02  9.356956e-02  

#DOUBLE_20x20_DISCRETE_AA_EMISSION
2.322176e-02  3.556485e-03  2.866109e-02  1.736402e-02  6.066946e-03  7.707113e-01  9.414226e-03  6.694561e-03  2.050209e-02  1.589958e-02  3.765690e-03  1.527197e-02  2.092050e-03  8.368201e-03  1.464435e-02  2.928870e-02  1.066946e-02  6.485356e-03  1.673640e-03  5.648536e-03 
6.322827e-02  2.120344e-02  5.138491e-02  5.329513e-02  4.871060e-02  4.011461e-02  3.858644e-02  3.495702e-02  5.635148e-02  3.782235e-02  1.824260e-02  5.128940e-02  1.000000e-50  3.963706e-02  5.558739e-02  1.259790e-01  1.297994e-01  7.354346e-02  1.375358e-02  4.651385e-02 
9.206434e-02  1.004177e-02  4.763174e-02  8.868746e-02  3.243579e-02  4.212210e-02  1.999467e-02  5.207500e-02  5.491869e-02  9.935128e-02  1.892829e-02  2.141651e-02  1.331201e-01  3.554608e-02  4.612103e-02  4.700969e-02  3.741225e-02  6.140585e-02  2.248289e-02  3.723452e-02 
1.175058e-01  1.216112e-02  4.345469e-02  5.716499e-02  2.478699e-02  1.541441e-02  1.673122e-02  1.572424e-02  4.895430e-02  5.793958e-02  1.851278e-02  1.812548e-02  3.425252e-01  2.292796e-02  4.175058e-02  6.181255e-02  2.850503e-02  2.501936e-02  8.985283e-03  2.199845e-02 
7.086839e-02  1.040924e-02  4.662769e-02  9.453871e-02  5.062028e-02  2.980180e-02  2.481107e-02  8.869243e-02  7.158135e-02  1.224868e-01  2.466847e-02  2.281477e-02  1.711108e-03  5.176102e-02  5.703693e-02  3.308142e-02  4.505918e-02  9.468131e-02  1.625553e-02  4.249251e-02 
1.466346e-02  1.105769e-02  1.050481e-01  7.211538e-03  1.000000e-50  3.170673e-01  1.105769e-02  1.000000e-50  1.000000e-50  1.000000e-50  1.000000e-50  5.528846e-02  5.024038e-02  4.807692e-03  9.375000e-03  2.254808e-01  1.829327e-01  1.000000e-50  1.000000e-50  5.769231e-03 
6.382979e-02  2.644881e-02  7.370401e-02  5.148701e-02  4.255319e-02  2.762431e-02  1.951334e-02  6.124368e-02  6.030328e-02  1.137886e-01  2.045374e-02  4.396379e-02  1.081462e-01  2.856471e-02  4.619725e-02  4.196544e-02  3.444222e-02  7.911132e-02  2.245210e-02  3.420712e-02 
3.646266e-02  1.604856e-02  1.675536e-02  4.253285e-02  5.604524e-02  5.363379e-03  2.216032e-02  1.515466e-01  4.469483e-02  1.306752e-01  1.908365e-02  2.116248e-02  1.000000e-50  2.739897e-02  4.560951e-02  2.615167e-02  7.043073e-02  2.007317e-01  1.550807e-02  5.163812e-02 
4.998534e-02  2.418646e-02  9.168865e-02  5.467605e-02  4.690707e-02  4.932571e-02  4.045734e-02  3.408091e-02  6.361771e-02  7.102023e-02  1.773673e-02  9.330108e-02  1.000000e-50  3.715919e-02  5.768103e-02  6.640281e-02  9.953093e-02  4.302257e-02  1.509821e-02  4.412196e-02 
1.324393e-01  1.224124e-02  4.757166e-02  9.166003e-02  3.906250e-02  3.284236e-02  1.945661e-02  6.471437e-02  6.740147e-02  1.229349e-01  2.913515e-02  3.060311e-02  1.000000e-50  5.095541e-02  6.282345e-02  3.826632e-02  4.082902e-02  6.926752e-02  1.465466e-02  3.314092e-02 
1.179805e-01  3.010802e-02  2.643071e-02  4.711561e-02  7.998161e-02  8.664675e-02  2.895886e-02  2.681376e-02  4.581322e-02  3.301923e-02  2.428560e-02  2.099134e-02  1.000000e-50  3.462805e-02  5.447024e-02  1.025052e-01  8.856202e-02  5.914349e-02  2.275339e-02  6.979238e-02 
1.472805e-01  1.181503e-02  6.019556e-02  1.088816e-01  2.047260e-02  3.065798e-02  1.303728e-02  3.829701e-02  8.851090e-02  1.150947e-01  3.218578e-02  4.715828e-02  1.833367e-03  5.713995e-02  7.914035e-02  6.284376e-02  2.475046e-02  3.269505e-02  8.250153e-03  1.975963e-02 
7.966210e-02  1.251069e-02  7.121471e-02  9.153122e-02  2.213430e-02  3.774594e-02  1.689478e-02  3.239949e-02  9.174508e-02  7.410180e-02  1.432849e-02  2.641146e-02  1.346236e-01  3.496578e-02  4.918734e-02  7.827203e-02  5.795552e-02  4.437553e-02  1.079983e-02  1.914029e-02 
6.223539e-02  9.314141e-03  1.176969e-01  5.461473e-02  2.032176e-02  2.116850e-02  2.370872e-02  7.154953e-02  7.790008e-02  1.109229e-01  1.651143e-02  2.794242e-02  4.360711e-02  4.106689e-02  4.826418e-02  5.884843e-02  6.350550e-02  1.088061e-01  7.197290e-03  1.481795e-02 
1.181525e-01  1.192266e-02  5.553169e-02  8.743287e-02  2.416756e-02  3.909774e-02  2.158969e-02  3.018260e-02  6.680988e-02  6.186896e-02  1.460795e-02  2.448980e-02  1.614393e-01  3.458647e-02  4.897959e-02  9.140709e-02  3.147154e-02  3.662728e-02  1.697100e-02  2.266380e-02 
7.970399e-02  1.140362e-02  1.318695e-01  7.121194e-02  3.882082e-02  4.488657e-02  3.154191e-02  1.213151e-02  5.823123e-02  9.365522e-02  2.329249e-02  9.377654e-02  1.000000e-50  5.277205e-02  5.325731e-02  8.346476e-02  5.434914e-02  1.382992e-02  1.370860e-02  3.809293e-02 
5.498982e-02  1.561439e-02  1.260466e-01  5.951573e-02  2.828694e-02  9.391265e-02  3.869654e-02  4.525911e-03  9.006563e-02  3.032360e-02  1.719846e-02  2.301426e-01  1.000000e-50  5.046391e-02  5.996832e-02  4.955872e-02  8.372935e-03  5.883684e-03  1.108848e-02  2.534510e-02 
8.322390e-02  2.035456e-02  3.250164e-02  7.534471e-02  5.991464e-02  1.871307e-02  3.102429e-02  4.448457e-02  7.797111e-02  1.390348e-01  2.954695e-02  4.957321e-02  1.000000e-50  4.267892e-02  6.024294e-02  5.827315e-02  6.812213e-02  4.990151e-02  1.280368e-02  4.629022e-02 
5.756732e-03  3.156917e-03  9.470752e-03  5.013928e-03  7.428041e-03  9.132776e-01  4.085422e-03  1.000000e-50  6.313835e-03  5.571031e-03  2.042711e-03  1.634169e-02  1.000000e-50  1.485608e-03  2.414113e-03  6.499536e-03  5.571031e-03  1.000000e-50  2.042711e-03  3.528319e-03 
4.943019e-02  2.504338e-02  9.853210e-02  5.782488e-02  4.445903e-02  8.441589e-03  2.373024e-02  7.953853e-02  6.781410e-02  1.035971e-01  1.993153e-02  6.856446e-02  3.179665e-02  4.277072e-02  4.699151e-02  4.248933e-02  4.675702e-02  9.004361e-02  1.505417e-02  3.718989e-02 


#DOUBLE_20x3_DISCRETE_SS_EMISSION
2.113413e-02  1.471019e-01  8.317640e-01 
1.000000e-50  8.581236e-04  9.991419e-01 
1.000000e+00  1.000000e-50  1.000000e-50 
1.000000e-50  1.000000e-50  1.000000e+00 
1.000000e+00  1.000000e-50  1.000000e-50 
1.000000e-50  4.588037e-02  9.541196e-01 
1.000000e-50  1.000000e+00  1.000000e-50 
1.000000e-50  1.000000e+00  1.000000e-50 
1.000000e-50  6.316099e-03  9.936839e-01 
1.000000e+00  1.000000e-50  1.000000e-50 
1.000000e-50  1.000000e+00  1.000000e-50 
1.000000e+00  1.000000e-50  1.000000e-50 
4.186795e-03  1.000000e-50  9.958132e-01 
1.000000e-50  6.014250e-01  3.985750e-01 
1.000000e-50  1.000000e-50  1.000000e+00 
1.000000e-50  1.000000e-50  1.000000e+00 
3.847024e-03  3.530210e-02  9.608509e-01 
9.977027e-01  1.000000e-50  2.297342e-03 
1.000000e-50  3.537516e-03  9.964625e-01 
1.173874e-03  1.000000e-50  9.988261e-01 


#DOUBLE_20x2_DISCRETE_CIS_EMISSION
9.985340e-01  1.465969e-03 
1.000000e+00  1.000000e-50 
1.000000e+00  1.000000e-50 
9.795126e-01  2.048735e-02 
1.000000e+00  1.000000e-50 
9.920654e-01  7.934600e-03 
9.985925e-01  1.407460e-03 
1.000000e+00  1.000000e-50 
1.000000e+00  1.000000e-50 
1.000000e+00  1.000000e-50 
1.000000e+00  1.000000e-50 
1.000000e+00  1.000000e-50 
9.838951e-01  1.610495e-02 
9.945125e-01  5.487547e-03 
1.000000e+00  1.000000e-50 
1.000000e+00  1.000000e-50 
1.000000e+00  1.000000e-50 
1.000000e+00  1.000000e-50 
1.000000e+00  1.000000e-50 
9.979407e-01  2.059250e-03 


#DOUBLE_20x3_TORUS_TORUS_KAPPA
3.494082e+00  3.673461e+00  5.848869e-01 
1.085879e+01  8.493102e+00  4.361359e-01 
1.011987e+02  7.399175e+01  3.048266e+01 
7.121203e+01  4.898309e+01  1.978536e+01 
1.056418e+02  8.821615e+01  3.563530e+01 
2.992915e+01  2.396537e+01  8.703291e+00 
1.386425e+01  7.057586e+00  -5.226572e+00 
1.747914e+01  1.633481e+01  9.544950e-01 
8.876729e+00  4.365869e+00  1.197739e+00 
3.099388e+02  2.518178e+02  9.181793e+01 
1.543883e+01  1.683711e+01  2.600155e+00 
1.348267e+02  9.872651e+01  3.818123e+01 
2.374830e+01  1.822687e+01  6.451879e+00 
1.506352e+01  1.554843e+01  3.754150e+00 
1.969382e+02  1.209577e+02  6.359157e+01 
7.160407e+01  7.046555e+01  2.824804e+01 
7.526702e+01  3.585751e+01  1.755891e+01 
1.703473e+01  1.810255e+01  4.848433e+00 
2.904593e+01  2.307136e+01  8.551805e+00 
7.636778e+00  5.293998e+00  -1.793993e-01 


#DOUBLE_20x2_TORUS_TORUS_MU
1.718760e+00  -2.862882e+00 
-2.452290e+00  2.693991e+00 
-9.958566e-01  -7.086606e-01 
-1.124478e+00  2.517239e+00 
-1.247705e+00  -8.022476e-01 
-1.456124e+00  2.998349e+00 
-1.432651e+00  2.263606e+00 
-2.042768e+00  2.267537e+00 
-1.957436e+00  1.011833e-01 
-1.105563e+00  -7.375642e-01 
-2.478969e+00  2.687749e+00 
-1.113773e+00  -5.450509e-01 
-1.250196e+00  -4.949119e-01 
-1.588931e+00  -5.135885e-01 
-1.066142e+00  -4.376041e-01 
-1.558852e+00  -1.810190e-03 
9.828756e-01  6.964711e-01 
-1.524638e+00  -4.240564e-01 
1.492179e+00  7.920274e-02 
-1.581746e+00  2.249723e+00 


